mtotdev.N1000=6.882819223866501e-13,4.865760670399393e-13,3.1967124741535427e-13,2.1463220431829694e-13,1.6055536342446905e-13,1.2163168058473756e-13,8.554284656690602e-14,4.9863523082326835e-14,3.114175011253309e-14
htotdev.N1000=9.742476526641344e-13,6.810715424176958e-13,4.925027808888078e-13,3.406924363602879e-13,2.4781139032707364e-13,1.912573898796286e-13,1.3631253744237075e-13,9.252542507886356e-14,5.6571884592008865e-14
mtotdev.N4000=7.154533837172324e-13,5.023608659322556e-13,3.2086463404119244e-13,2.187642460951137e-13,1.5725555737799644e-13,1.119938863691766e-13,7.951648125007949e-14,5.731165335371841e-14,4.745511482670119e-14,2.3578217925051478e-14,2.1022665219098128e-14
htotdev.N4000=1.0170038133167572e-12,7.040811424406056e-13,4.996495868050602e-13,3.4778826992657333e-13,2.494576363988072e-13,1.7964874693032013e-13,1.3116508880912863e-13,8.216878373078879e-14,7.480960575079073e-14,4.5751846616602123e-14,2.2834325095662013e-14
mtotdev.N16000=7.115371858114475e-13,5.085910062672201e-13,3.262154441461843e-13,2.2568325398061044e-13,1.618702684828148e-13,1.1628618565041622e-13,8.159935912755681e-14,5.78522521341988e-14,4.037675712351438e-14,3.395932667488342e-14,2.1544760103542588e-14,1.463666129522643e-14,9.20624665075155e-15
htotdev.N16000=1.0053789381998448e-12,7.122988940229761e-13,5.044089107463223e-13,3.5437755618262825e-13,2.5599714464402213e-13,1.8676076242805277e-13,1.2719136666955677e-13,9.646323640141037e-14,6.165805912111918e-14,5.099254306218362e-14,3.6213661100953554e-14,2.2577194766930714e-14,1.923641138494581e-14
