mtotdev.N1000=6.882819223866495e-13,4.865760670399391e-13,3.1967124741535453e-13,2.1463220431829692e-13,1.6055536342446902e-13,1.216316805847376e-13,8.554284656690602e-14,4.9863523082326835e-14,3.11417501125331e-14
htotdev.N1000=9.742476526641344e-13,6.810715424176955e-13,4.92502780888808e-13,3.406924363602876e-13,2.4781139032707364e-13,1.9125738987962862e-13,1.363125374423707e-13,9.252542507886362e-14,5.657188459200889e-14
mtotdev.N4000=7.154533837172327e-13,5.02360865932255e-13,3.208646340411928e-13,2.1876424609511365e-13,1.5725555737799646e-13,1.1199388636917658e-13,7.95164812500795e-14,5.731165335371839e-14,4.7455114826701165e-14,2.357821792505149e-14,2.102266521909812e-14
htotdev.N4000=1.0170038133167572e-12,7.040811424406057e-13,4.996495868050608e-13,3.4778826992657343e-13,2.49457636398807e-13,1.7964874693032e-13,1.3116508880912884e-13,8.216878373078892e-14,7.48096057507907e-14,4.57518466166021e-14,2.2834325095662013e-14
mtotdev.N16000=7.115371858114479e-13,5.0859100626722e-13,3.2621544414618376e-13,2.2568325398061042e-13,1.61870268482815e-13,1.162861856504159e-13,8.159935912755689e-14,5.78522521341988e-14,4.0376757123514367e-14,3.3959326674883375e-14,2.154476010354256e-14,1.463666129522642e-14,9.20624665075156e-15
htotdev.N16000=1.0053789381998448e-12,7.122988940229777e-13,5.044089107463222e-13,3.5437755618262856e-13,2.5599714464402163e-13,1.8676076242805244e-13,1.2719136666955682e-13,9.646323640141025e-14,6.165805912111922e-14,5.099254306218358e-14,3.621366110095355e-14,2.257719476693073e-14,1.9236411384945806e-14
